13 0 9 -4 12 12 5 60 13 0 0 0 -10 0 0 0 
245 1 170 -75 245 -208 1600 -1940 700 225 60 -180 -794 20 -15 -14 
-2448 -10 -1696 751 -2433 1281 -14550 14260 -6589 -2040 -540 1575 7300 -230 135 130 
62 0 44 -19 70 196 528 860 160 48 38 -24 -473 26 -21 -2 
942 5 655 -289 950 -122 5843 -3495 2519 776 247 -578 -3284 122 -81 -54 
0 0 -1 0 -12 -226 -252 -1130 -1 0 -35 0 408 -22 24 0 
24 0 23 -8 84 1171 1216 5875 19 -9 175 4 -2042 110 -121 0 
477 2 331 -146 489 17 3225 -1486 1299 408 155 -315 -1970 65 -57 -26 
735 0 510 -225 735 -638 4800 -5890 2125 675 156 -540 -2370 129 -45 -31 
163 1 113 -50 162 -92 970 -989 439 136 36 -106 -488 15 -9 -10 
-15 0 -10 5 0 271 315 1355 -22 0 47 0 -510 19 -30 0 
-3 -5 -2 1 -3 -30 0 -161 -4 0 0 -2 20 -3 0 20 
12 0 8 -4 3 -215 -223 -1135 1 -7 -26 -12 305 -22 17 0 
-245 0 -170 75 -245 214 -1600 1970 -708 -225 -52 180 790 -43 15 10 
-12 0 -7 4 -3 437 279 2485 24 19 25 60 -301 44 -17 1 
0 0 0 0 -15 -4 -245 280 30 15 -45 60 515 0 30 1 
=============================================
-9 20 32 879 -422 78 -5 180 3 2025 -242 -5 50 21 45 -42 
-3431 -607 296 5043 -658 6938 -112 1544 24 2850 -1574 -184 3751 64 3699 -3695 
-5050 -960 171 4036 651 10042 -108 855 24 -3495 -720 -240 5338 38 5290 -5290 
10466 1944 -822 -12359 555 -20533 378 -4182 -92 -1965 4118 522 -11253 -235 -11109 11113 
7276 1348 -436 -7967 94 -14444 212 -2224 -53 65 2157 359 -7802 -130 -7713 7710 
7035 1285 -118 -6919 -238 -13903 135 -580 -30 1460 602 315 -7395 -107 -7335 7335 
-1788 -308 127 2809 -439 3581 -55 663 12 1992 -716 -91 1933 44 1908 -1908 
-1405 -257 24 1371 53 2777 -27 118 6 -319 -121 -63 1477 21 1465 -1465 
0 0 0 0 0 5 0 0 1 0 0 0 5 3 5 -4 
8962 1544 -635 -14068 2195 -17961 275 -3315 -62 -9959 3580 456 -9698 -226 -9573 9571 
-20 0 -1 162 -71 44 0 -5 1 355 -10 0 25 7 25 -24 
7005 1291 -128 -6539 -413 -13853 135 -629 -30 2332 608 316 -7365 -95 -7305 7305 
-894 -152 67 1486 -259 1795 -28 351 6 1185 -383 -46 969 23 956 -956 
-5 0 0 45 -20 10 0 0 0 100 -4 0 5 1 5 -5 
-88 -16 1 92 0 186 0 5 0 -4 -5 -4 92 0 93 -93 
40 0 8 -256 108 -67 0 40 0 -540 -12 0 -35 -8 -35 36 
=============================================
1 0 0 0 0 0 0 0 0 0 0 0 0 0 0 0 
0 1 0 0 0 0 0 0 0 0 0 0 0 0 0 0 
0 0 1 0 0 0 0 0 0 0 0 0 0 0 0 0 
0 0 0 1 0 0 0 0 0 0 0 0 0 0 0 0 
0 0 0 0 1 0 0 0 0 0 0 0 0 0 0 0 
0 0 0 0 0 1 0 0 0 0 0 0 0 0 0 0 
0 0 0 0 0 0 1 0 0 0 0 0 0 0 0 0 
0 0 0 0 0 0 0 1 0 0 0 0 0 0 0 0 
0 0 0 0 0 0 0 0 1 0 0 0 0 0 0 0 
0 0 0 0 0 0 0 0 0 1 0 0 0 0 0 0 
0 0 0 0 0 0 0 0 0 0 1 0 0 0 0 0 
0 0 0 0 0 0 0 0 0 0 0 1 0 0 0 0 
0 0 0 0 0 0 0 0 0 0 0 0 1 0 0 0 
0 0 0 0 0 0 0 0 0 0 0 0 0 1 0 0 
0 0 0 0 0 0 0 0 0 0 0 0 0 0 1 0 
0 0 0 0 0 0 0 0 0 0 0 0 0 0 0 1 
=============================================
