1027604480
135675904
1884815360
-2147483648
88688
34356
-1610612736
1696896
2757376
7454
588546048
-724828160
-1784283136
-724828160
-1845493760
-311427072
-1784283136
-1275068416
-469762048
59183104
59183104
30182400
30182400
343162880
124121088
6307328
1291845632
too weak
24682496
6307328
268928
59183104
268435456
too weak
-1073741824
0
1733033984
2757376
-1073741824
-1784283136
530022400
88688
135675904
39808
-1610612736
-2147483648
1733033984
194096
343162880
-1610612736
30182400
-724828160
-311427072
7454
7454
109956
158368
268435456
-311427072
6307328
566656
-469762048
939524096
73268
196771840
59183104
-1610612736
59183104
2757376
1249902592
-1952448512
1445462016
2757376
-1610612736
-311427072
-1073741824
30182400
0
0
343162880
2757376
30182400
135675904
1027604480
30182400
1027604480
6307328
-1275068416
588546048
-1275068416
217120768
109956
109956
343162880
109956
-1845493760
588546048
1884815360
4284416
23534
